delta_0=[
 [300, 0, 0],
 [262, 0, 65],
 [188, 0, 65],
 [150, 0, 0],
 [187, 0, -65],
 [262, 0, -65],
 [260, 150, 0],
 [227, 131, 65],
 [163, 94, 65],
 [130, 75, 0],
 [162, 93, -65],
 [227, 131, -65],
 [150, 260, 0],
 [131, 227, 65],
 [94, 163, 65],
 [75, 130, 0],
 [94, 162, -65],
 [131, 227, -65],
 [0, 300, 0],
 [0, 262, 65],
 [0, 188, 65],
 [0, 150, 0],
 [0, 187, -65],
 [0, 262, -65],
 [-150, 260, 0],
 [-131, 227, 65],
 [-94, 163, 65],
 [-75, 130, 0],
 [-93, 162, -65],
 [-131, 227, -65],
 [-260, 150, 0],
 [-227, 131, 65],
 [-163, 94, 65],
 [-130, 75, 0],
 [-162, 93, -65],
 [-227, 131, -65],
 [-300, 0, 0],
 [-262, 0, 65],
 [-188, 0, 65],
 [-150, 0, 0],
 [-187, 0, -65],
 [-262, 0, -65],
 [-260, -150, 0],
 [-227, -131, 65],
 [-163, -94, 65],
 [-130, -75, 0],
 [-162, -93, -65],
 [-227, -131, -65],
 [-150, -260, 0],
 [-131, -227, 65],
 [-94, -163, 65],
 [-75, -130, 0],
 [-94, -162, -65],
 [-131, -227, -65],
 [0, -300, 0],
 [0, -262, 65],
 [0, -188, 65],
 [0, -150, 0],
 [0, -187, -65],
 [0, -262, -65],
 [150, -260, 0],
 [131, -227, 65],
 [94, -163, 65],
 [75, -130, 0],
 [94, -162, -65],
 [131, -227, -65],
 [260, -150, 0],
 [227, -131, 65],
 [163, -94, 65],
 [130, -75, 0],
 [162, -94, -65],
 [227, -131, -65],
 ]


delta_1=[
 [0, 1],
 [1, 2],
 [2, 3],
 [3, 4],
 [4, 5],
 [5, 0],
 [6, 7],
 [7, 8],
 [8, 9],
 [9, 10],
 [10, 11],
 [11, 6],
 [12, 13],
 [13, 14],
 [14, 15],
 [15, 16],
 [16, 17],
 [17, 12],
 [18, 19],
 [19, 20],
 [20, 21],
 [21, 22],
 [22, 23],
 [23, 18],
 [24, 25],
 [25, 26],
 [26, 27],
 [27, 28],
 [28, 29],
 [29, 24],
 [30, 31],
 [31, 32],
 [32, 33],
 [33, 34],
 [34, 35],
 [35, 30],
 [36, 37],
 [37, 38],
 [38, 39],
 [39, 40],
 [40, 41],
 [41, 36],
 [42, 43],
 [43, 44],
 [44, 45],
 [45, 46],
 [46, 47],
 [47, 42],
 [48, 49],
 [49, 50],
 [50, 51],
 [51, 52],
 [52, 53],
 [53, 48],
 [54, 55],
 [55, 56],
 [56, 57],
 [57, 58],
 [58, 59],
 [59, 54],
 [60, 61],
 [61, 62],
 [62, 63],
 [63, 64],
 [64, 65],
 [65, 60],
 [66, 67],
 [67, 68],
 [68, 69],
 [69, 70],
 [70, 71],
 [71, 66],
 [0, 6],
 [0, 7],
 [1, 7],
 [1, 8],
 [2, 8],
 [2, 9],
 [3, 9],
 [3, 10],
 [4, 10],
 [4, 11],
 [5, 11],
 [5, 6],
 [6, 12],
 [6, 13],
 [7, 13],
 [7, 14],
 [8, 14],
 [8, 15],
 [9, 15],
 [9, 16],
 [10, 16],
 [10, 17],
 [11, 17],
 [11, 12],
 [12, 18],
 [12, 19],
 [13, 19],
 [13, 20],
 [14, 20],
 [14, 21],
 [15, 21],
 [15, 22],
 [16, 22],
 [16, 23],
 [17, 23],
 [17, 18],
 [18, 24],
 [18, 25],
 [19, 25],
 [19, 26],
 [20, 26],
 [20, 27],
 [21, 27],
 [21, 28],
 [22, 28],
 [22, 29],
 [23, 29],
 [23, 24],
 [24, 30],
 [24, 31],
 [25, 31],
 [25, 32],
 [26, 32],
 [26, 33],
 [27, 33],
 [27, 34],
 [28, 34],
 [28, 35],
 [29, 35],
 [29, 30],
 [30, 36],
 [30, 37],
 [31, 37],
 [31, 38],
 [32, 38],
 [32, 39],
 [33, 39],
 [33, 40],
 [34, 40],
 [34, 41],
 [35, 41],
 [35, 36],
 [36, 42],
 [36, 43],
 [37, 43],
 [37, 44],
 [38, 44],
 [38, 45],
 [39, 45],
 [39, 46],
 [40, 46],
 [40, 47],
 [41, 47],
 [41, 42],
 [42, 48],
 [42, 49],
 [43, 49],
 [43, 50],
 [44, 50],
 [44, 51],
 [45, 51],
 [45, 52],
 [46, 52],
 [46, 53],
 [47, 53],
 [47, 48],
 [48, 54],
 [48, 55],
 [49, 55],
 [49, 56],
 [50, 56],
 [50, 57],
 [51, 57],
 [51, 58],
 [52, 58],
 [52, 59],
 [53, 59],
 [53, 54],
 [54, 60],
 [54, 61],
 [55, 61],
 [55, 62],
 [56, 62],
 [56, 63],
 [57, 63],
 [57, 64],
 [58, 64],
 [58, 65],
 [59, 65],
 [59, 60],
 [60, 66],
 [60, 67],
 [61, 67],
 [61, 68],
 [62, 68],
 [62, 69],
 [63, 69],
 [63, 70],
 [64, 70],
 [64, 71],
 [65, 71],
 [65, 66],
 [66, 0],
 [66, 1],
 [67, 1],
 [67, 2],
 [68, 2],
 [68, 3],
 [69, 3],
 [69, 4],
 [70, 4],
 [70, 5],
 [71, 5],
 [71, 0],
 ]


delta_2=[
 [0, 1, 7],
 [0, 1, 66],
 [0, 5, 6],
 [0, 5, 71],
 [0, 6, 7],
 [0, 66, 71],
 [1, 2, 8],
 [1, 2, 67],
 [1, 7, 8],
 [1, 66, 67],
 [2, 3, 9],
 [2, 3, 68],
 [2, 8, 9],
 [2, 67, 68],
 [3, 4, 10],
 [3, 4, 69],
 [3, 9, 10],
 [3, 68, 69],
 [4, 5, 11],
 [4, 5, 70],
 [4, 10, 11],
 [4, 69, 70],
 [5, 6, 11],
 [5, 70, 71],
 [6, 7, 13],
 [6, 11, 12],
 [6, 12, 13],
 [7, 8, 14],
 [7, 13, 14],
 [8, 9, 15],
 [8, 14, 15],
 [9, 10, 16],
 [9, 15, 16],
 [10, 11, 17],
 [10, 16, 17],
 [11, 12, 17],
 [12, 13, 19],
 [12, 17, 18],
 [12, 18, 19],
 [13, 14, 20],
 [13, 19, 20],
 [14, 15, 21],
 [14, 20, 21],
 [15, 16, 22],
 [15, 21, 22],
 [16, 17, 23],
 [16, 22, 23],
 [17, 18, 23],
 [18, 19, 25],
 [18, 23, 24],
 [18, 24, 25],
 [19, 20, 26],
 [19, 25, 26],
 [20, 21, 27],
 [20, 26, 27],
 [21, 22, 28],
 [21, 27, 28],
 [22, 23, 29],
 [22, 28, 29],
 [23, 24, 29],
 [24, 25, 31],
 [24, 29, 30],
 [24, 30, 31],
 [25, 26, 32],
 [25, 31, 32],
 [26, 27, 33],
 [26, 32, 33],
 [27, 28, 34],
 [27, 33, 34],
 [28, 29, 35],
 [28, 34, 35],
 [29, 30, 35],
 [30, 31, 37],
 [30, 35, 36],
 [30, 36, 37],
 [31, 32, 38],
 [31, 37, 38],
 [32, 33, 39],
 [32, 38, 39],
 [33, 34, 40],
 [33, 39, 40],
 [34, 35, 41],
 [34, 40, 41],
 [35, 36, 41],
 [36, 37, 43],
 [36, 41, 42],
 [36, 42, 43],
 [37, 38, 44],
 [37, 43, 44],
 [38, 39, 45],
 [38, 44, 45],
 [39, 40, 46],
 [39, 45, 46],
 [40, 41, 47],
 [40, 46, 47],
 [41, 42, 47],
 [42, 43, 49],
 [42, 47, 48],
 [42, 48, 49],
 [43, 44, 50],
 [43, 49, 50],
 [44, 45, 51],
 [44, 50, 51],
 [45, 46, 52],
 [45, 51, 52],
 [46, 47, 53],
 [46, 52, 53],
 [47, 48, 53],
 [48, 49, 55],
 [48, 53, 54],
 [48, 54, 55],
 [49, 50, 56],
 [49, 55, 56],
 [50, 51, 57],
 [50, 56, 57],
 [51, 52, 58],
 [51, 57, 58],
 [52, 53, 59],
 [52, 58, 59],
 [53, 54, 59],
 [54, 55, 61],
 [54, 59, 60],
 [54, 60, 61],
 [55, 56, 62],
 [55, 61, 62],
 [56, 57, 63],
 [56, 62, 63],
 [57, 58, 64],
 [57, 63, 64],
 [58, 59, 65],
 [58, 64, 65],
 [59, 60, 65],
 [60, 61, 67],
 [60, 65, 66],
 [60, 66, 67],
 [61, 62, 68],
 [61, 67, 68],
 [62, 63, 69],
 [62, 68, 69],
 [63, 64, 70],
 [63, 69, 70],
 [64, 65, 71],
 [64, 70, 71],
 [65, 66, 71],
 ]
