delta_0=[
 [300, 0, 0],
 [262, 0, 65],
 [188, 0, 65],
 [150, 0, 0],
 [187, 0, -65],
 [262, 0, -65],
 [285, 93, 0],
 [249, 81, 65],
 [179, 58, 65],
 [143, 46, 0],
 [178, 58, -65],
 [249, 81, -65],
 [243, 176, 0],
 [212, 154, 65],
 [152, 111, 65],
 [121, 88, 0],
 [151, 110, -65],
 [212, 154, -65],
 [176, 243, 0],
 [154, 212, 65],
 [111, 152, 65],
 [88, 121, 0],
 [110, 151, -65],
 [154, 212, -65],
 [93, 285, 0],
 [81, 249, 65],
 [58, 179, 65],
 [46, 143, 0],
 [58, 178, -65],
 [81, 249, -65],
 [0, 300, 0],
 [0, 262, 65],
 [0, 188, 65],
 [0, 150, 0],
 [0, 187, -65],
 [0, 262, -65],
 [-93, 285, 0],
 [-81, 249, 65],
 [-58, 179, 65],
 [-46, 143, 0],
 [-58, 178, -65],
 [-81, 249, -65],
 [-176, 243, 0],
 [-154, 212, 65],
 [-111, 152, 65],
 [-88, 121, 0],
 [-110, 151, -65],
 [-154, 212, -65],
 [-243, 176, 0],
 [-212, 154, 65],
 [-152, 111, 65],
 [-121, 88, 0],
 [-151, 110, -65],
 [-212, 154, -65],
 [-285, 93, 0],
 [-249, 81, 65],
 [-179, 58, 65],
 [-143, 46, 0],
 [-178, 58, -65],
 [-249, 81, -65],
 [-300, 0, 0],
 [-262, 0, 65],
 [-188, 0, 65],
 [-150, 0, 0],
 [-187, 0, -65],
 [-262, 0, -65],
 [-285, -93, 0],
 [-249, -81, 65],
 [-179, -58, 65],
 [-143, -46, 0],
 [-178, -58, -65],
 [-249, -81, -65],
 [-243, -176, 0],
 [-212, -154, 65],
 [-152, -111, 65],
 [-121, -88, 0],
 [-151, -110, -65],
 [-212, -154, -65],
 [-176, -243, 0],
 [-154, -212, 65],
 [-111, -152, 65],
 [-88, -121, 0],
 [-110, -151, -65],
 [-154, -212, -65],
 [-93, -285, 0],
 [-81, -249, 65],
 [-58, -179, 65],
 [-46, -143, 0],
 [-58, -178, -65],
 [-81, -249, -65],
 [0, -300, 0],
 [0, -262, 65],
 [0, -188, 65],
 [0, -150, 0],
 [0, -187, -65],
 [0, -262, -65],
 [93, -285, 0],
 [81, -249, 65],
 [58, -179, 65],
 [46, -143, 0],
 [58, -178, -65],
 [81, -249, -65],
 [176, -243, 0],
 [154, -212, 65],
 [111, -152, 65],
 [88, -121, 0],
 [110, -151, -65],
 [154, -212, -65],
 [243, -176, 0],
 [212, -154, 65],
 [152, -111, 65],
 [121, -88, 0],
 [151, -110, -65],
 [212, -154, -65],
 [285, -93, 0],
 [249, -81, 65],
 [179, -58, 65],
 [143, -46, 0],
 [178, -58, -65],
 [249, -81, -65],
 ]


delta_1=[
 [0, 1],
 [1, 2],
 [2, 3],
 [3, 4],
 [4, 5],
 [5, 0],
 [6, 7],
 [7, 8],
 [8, 9],
 [9, 10],
 [10, 11],
 [11, 6],
 [12, 13],
 [13, 14],
 [14, 15],
 [15, 16],
 [16, 17],
 [17, 12],
 [18, 19],
 [19, 20],
 [20, 21],
 [21, 22],
 [22, 23],
 [23, 18],
 [24, 25],
 [25, 26],
 [26, 27],
 [27, 28],
 [28, 29],
 [29, 24],
 [30, 31],
 [31, 32],
 [32, 33],
 [33, 34],
 [34, 35],
 [35, 30],
 [36, 37],
 [37, 38],
 [38, 39],
 [39, 40],
 [40, 41],
 [41, 36],
 [42, 43],
 [43, 44],
 [44, 45],
 [45, 46],
 [46, 47],
 [47, 42],
 [48, 49],
 [49, 50],
 [50, 51],
 [51, 52],
 [52, 53],
 [53, 48],
 [54, 55],
 [55, 56],
 [56, 57],
 [57, 58],
 [58, 59],
 [59, 54],
 [60, 61],
 [61, 62],
 [62, 63],
 [63, 64],
 [64, 65],
 [65, 60],
 [66, 67],
 [67, 68],
 [68, 69],
 [69, 70],
 [70, 71],
 [71, 66],
 [72, 73],
 [73, 74],
 [74, 75],
 [75, 76],
 [76, 77],
 [77, 72],
 [78, 79],
 [79, 80],
 [80, 81],
 [81, 82],
 [82, 83],
 [83, 78],
 [84, 85],
 [85, 86],
 [86, 87],
 [87, 88],
 [88, 89],
 [89, 84],
 [90, 91],
 [91, 92],
 [92, 93],
 [93, 94],
 [94, 95],
 [95, 90],
 [96, 97],
 [97, 98],
 [98, 99],
 [99, 100],
 [100, 101],
 [101, 96],
 [102, 103],
 [103, 104],
 [104, 105],
 [105, 106],
 [106, 107],
 [107, 102],
 [108, 109],
 [109, 110],
 [110, 111],
 [111, 112],
 [112, 113],
 [113, 108],
 [114, 115],
 [115, 116],
 [116, 117],
 [117, 118],
 [118, 119],
 [119, 114],
 [0, 6],
 [0, 7],
 [1, 7],
 [1, 8],
 [2, 8],
 [2, 9],
 [3, 9],
 [3, 10],
 [4, 10],
 [4, 11],
 [5, 11],
 [5, 6],
 [6, 12],
 [6, 13],
 [7, 13],
 [7, 14],
 [8, 14],
 [8, 15],
 [9, 15],
 [9, 16],
 [10, 16],
 [10, 17],
 [11, 17],
 [11, 12],
 [12, 18],
 [12, 19],
 [13, 19],
 [13, 20],
 [14, 20],
 [14, 21],
 [15, 21],
 [15, 22],
 [16, 22],
 [16, 23],
 [17, 23],
 [17, 18],
 [18, 24],
 [18, 25],
 [19, 25],
 [19, 26],
 [20, 26],
 [20, 27],
 [21, 27],
 [21, 28],
 [22, 28],
 [22, 29],
 [23, 29],
 [23, 24],
 [24, 30],
 [24, 31],
 [25, 31],
 [25, 32],
 [26, 32],
 [26, 33],
 [27, 33],
 [27, 34],
 [28, 34],
 [28, 35],
 [29, 35],
 [29, 30],
 [30, 36],
 [30, 37],
 [31, 37],
 [31, 38],
 [32, 38],
 [32, 39],
 [33, 39],
 [33, 40],
 [34, 40],
 [34, 41],
 [35, 41],
 [35, 36],
 [36, 42],
 [36, 43],
 [37, 43],
 [37, 44],
 [38, 44],
 [38, 45],
 [39, 45],
 [39, 46],
 [40, 46],
 [40, 47],
 [41, 47],
 [41, 42],
 [42, 48],
 [42, 49],
 [43, 49],
 [43, 50],
 [44, 50],
 [44, 51],
 [45, 51],
 [45, 52],
 [46, 52],
 [46, 53],
 [47, 53],
 [47, 48],
 [48, 54],
 [48, 55],
 [49, 55],
 [49, 56],
 [50, 56],
 [50, 57],
 [51, 57],
 [51, 58],
 [52, 58],
 [52, 59],
 [53, 59],
 [53, 54],
 [54, 60],
 [54, 61],
 [55, 61],
 [55, 62],
 [56, 62],
 [56, 63],
 [57, 63],
 [57, 64],
 [58, 64],
 [58, 65],
 [59, 65],
 [59, 60],
 [60, 66],
 [60, 67],
 [61, 67],
 [61, 68],
 [62, 68],
 [62, 69],
 [63, 69],
 [63, 70],
 [64, 70],
 [64, 71],
 [65, 71],
 [65, 66],
 [66, 72],
 [66, 73],
 [67, 73],
 [67, 74],
 [68, 74],
 [68, 75],
 [69, 75],
 [69, 76],
 [70, 76],
 [70, 77],
 [71, 77],
 [71, 72],
 [72, 78],
 [72, 79],
 [73, 79],
 [73, 80],
 [74, 80],
 [74, 81],
 [75, 81],
 [75, 82],
 [76, 82],
 [76, 83],
 [77, 83],
 [77, 78],
 [78, 84],
 [78, 85],
 [79, 85],
 [79, 86],
 [80, 86],
 [80, 87],
 [81, 87],
 [81, 88],
 [82, 88],
 [82, 89],
 [83, 89],
 [83, 84],
 [84, 90],
 [84, 91],
 [85, 91],
 [85, 92],
 [86, 92],
 [86, 93],
 [87, 93],
 [87, 94],
 [88, 94],
 [88, 95],
 [89, 95],
 [89, 90],
 [90, 96],
 [90, 97],
 [91, 97],
 [91, 98],
 [92, 98],
 [92, 99],
 [93, 99],
 [93, 100],
 [94, 100],
 [94, 101],
 [95, 101],
 [95, 96],
 [96, 102],
 [96, 103],
 [97, 103],
 [97, 104],
 [98, 104],
 [98, 105],
 [99, 105],
 [99, 106],
 [100, 106],
 [100, 107],
 [101, 107],
 [101, 102],
 [102, 108],
 [102, 109],
 [103, 109],
 [103, 110],
 [104, 110],
 [104, 111],
 [105, 111],
 [105, 112],
 [106, 112],
 [106, 113],
 [107, 113],
 [107, 108],
 [108, 114],
 [108, 115],
 [109, 115],
 [109, 116],
 [110, 116],
 [110, 117],
 [111, 117],
 [111, 118],
 [112, 118],
 [112, 119],
 [113, 119],
 [113, 114],
 [114, 0],
 [114, 1],
 [115, 1],
 [115, 2],
 [116, 2],
 [116, 3],
 [117, 3],
 [117, 4],
 [118, 4],
 [118, 5],
 [119, 5],
 [119, 0],
 ]


delta_2=[
 [0, 1, 7],
 [0, 1, 114],
 [0, 5, 6],
 [0, 5, 119],
 [0, 6, 7],
 [0, 114, 119],
 [1, 2, 8],
 [1, 2, 115],
 [1, 7, 8],
 [1, 114, 115],
 [2, 3, 9],
 [2, 3, 116],
 [2, 8, 9],
 [2, 115, 116],
 [3, 4, 10],
 [3, 4, 117],
 [3, 9, 10],
 [3, 116, 117],
 [4, 5, 11],
 [4, 5, 118],
 [4, 10, 11],
 [4, 117, 118],
 [5, 6, 11],
 [5, 118, 119],
 [6, 7, 13],
 [6, 11, 12],
 [6, 12, 13],
 [7, 8, 14],
 [7, 13, 14],
 [8, 9, 15],
 [8, 14, 15],
 [9, 10, 16],
 [9, 15, 16],
 [10, 11, 17],
 [10, 16, 17],
 [11, 12, 17],
 [12, 13, 19],
 [12, 17, 18],
 [12, 18, 19],
 [13, 14, 20],
 [13, 19, 20],
 [14, 15, 21],
 [14, 20, 21],
 [15, 16, 22],
 [15, 21, 22],
 [16, 17, 23],
 [16, 22, 23],
 [17, 18, 23],
 [18, 19, 25],
 [18, 23, 24],
 [18, 24, 25],
 [19, 20, 26],
 [19, 25, 26],
 [20, 21, 27],
 [20, 26, 27],
 [21, 22, 28],
 [21, 27, 28],
 [22, 23, 29],
 [22, 28, 29],
 [23, 24, 29],
 [24, 25, 31],
 [24, 29, 30],
 [24, 30, 31],
 [25, 26, 32],
 [25, 31, 32],
 [26, 27, 33],
 [26, 32, 33],
 [27, 28, 34],
 [27, 33, 34],
 [28, 29, 35],
 [28, 34, 35],
 [29, 30, 35],
 [30, 31, 37],
 [30, 35, 36],
 [30, 36, 37],
 [31, 32, 38],
 [31, 37, 38],
 [32, 33, 39],
 [32, 38, 39],
 [33, 34, 40],
 [33, 39, 40],
 [34, 35, 41],
 [34, 40, 41],
 [35, 36, 41],
 [36, 37, 43],
 [36, 41, 42],
 [36, 42, 43],
 [37, 38, 44],
 [37, 43, 44],
 [38, 39, 45],
 [38, 44, 45],
 [39, 40, 46],
 [39, 45, 46],
 [40, 41, 47],
 [40, 46, 47],
 [41, 42, 47],
 [42, 43, 49],
 [42, 47, 48],
 [42, 48, 49],
 [43, 44, 50],
 [43, 49, 50],
 [44, 45, 51],
 [44, 50, 51],
 [45, 46, 52],
 [45, 51, 52],
 [46, 47, 53],
 [46, 52, 53],
 [47, 48, 53],
 [48, 49, 55],
 [48, 53, 54],
 [48, 54, 55],
 [49, 50, 56],
 [49, 55, 56],
 [50, 51, 57],
 [50, 56, 57],
 [51, 52, 58],
 [51, 57, 58],
 [52, 53, 59],
 [52, 58, 59],
 [53, 54, 59],
 [54, 55, 61],
 [54, 59, 60],
 [54, 60, 61],
 [55, 56, 62],
 [55, 61, 62],
 [56, 57, 63],
 [56, 62, 63],
 [57, 58, 64],
 [57, 63, 64],
 [58, 59, 65],
 [58, 64, 65],
 [59, 60, 65],
 [60, 61, 67],
 [60, 65, 66],
 [60, 66, 67],
 [61, 62, 68],
 [61, 67, 68],
 [62, 63, 69],
 [62, 68, 69],
 [63, 64, 70],
 [63, 69, 70],
 [64, 65, 71],
 [64, 70, 71],
 [65, 66, 71],
 [66, 67, 73],
 [66, 71, 72],
 [66, 72, 73],
 [67, 68, 74],
 [67, 73, 74],
 [68, 69, 75],
 [68, 74, 75],
 [69, 70, 76],
 [69, 75, 76],
 [70, 71, 77],
 [70, 76, 77],
 [71, 72, 77],
 [72, 73, 79],
 [72, 77, 78],
 [72, 78, 79],
 [73, 74, 80],
 [73, 79, 80],
 [74, 75, 81],
 [74, 80, 81],
 [75, 76, 82],
 [75, 81, 82],
 [76, 77, 83],
 [76, 82, 83],
 [77, 78, 83],
 [78, 79, 85],
 [78, 83, 84],
 [78, 84, 85],
 [79, 80, 86],
 [79, 85, 86],
 [80, 81, 87],
 [80, 86, 87],
 [81, 82, 88],
 [81, 87, 88],
 [82, 83, 89],
 [82, 88, 89],
 [83, 84, 89],
 [84, 85, 91],
 [84, 89, 90],
 [84, 90, 91],
 [85, 86, 92],
 [85, 91, 92],
 [86, 87, 93],
 [86, 92, 93],
 [87, 88, 94],
 [87, 93, 94],
 [88, 89, 95],
 [88, 94, 95],
 [89, 90, 95],
 [90, 91, 97],
 [90, 95, 96],
 [90, 96, 97],
 [91, 92, 98],
 [91, 97, 98],
 [92, 93, 99],
 [92, 98, 99],
 [93, 94, 100],
 [93, 99, 100],
 [94, 95, 101],
 [94, 100, 101],
 [95, 96, 101],
 [96, 97, 103],
 [96, 101, 102],
 [96, 102, 103],
 [97, 98, 104],
 [97, 103, 104],
 [98, 99, 105],
 [98, 104, 105],
 [99, 100, 106],
 [99, 105, 106],
 [100, 101, 107],
 [100, 106, 107],
 [101, 102, 107],
 [102, 103, 109],
 [102, 107, 108],
 [102, 108, 109],
 [103, 104, 110],
 [103, 109, 110],
 [104, 105, 111],
 [104, 110, 111],
 [105, 106, 112],
 [105, 111, 112],
 [106, 107, 113],
 [106, 112, 113],
 [107, 108, 113],
 [108, 109, 115],
 [108, 113, 114],
 [108, 114, 115],
 [109, 110, 116],
 [109, 115, 116],
 [110, 111, 117],
 [110, 116, 117],
 [111, 112, 118],
 [111, 117, 118],
 [112, 113, 119],
 [112, 118, 119],
 [113, 114, 119],
 ]
